Community 6: size=2203
Composition: [(0, 23.42), (22, 9.17), (7, 6.95), (10, 5.67), (17, 5.08), (4, 4.49), (6, 3.77), (18, 3.09), (12, 3.0), (48, 2.54), (35, 2.32), (37, 2.18), (40, 2.13), (26, 2.13), (85, 1.91), (43, 1.5), (21, 1.5), (92, 1.09), (116, 1.04), (88, 0.95), (77, 0.86), (45, 0.86), (31, 0.86), (59, 0.77), (114, 0.68), (75, 0.68), (58, 0.68), (71, 0.64), (44, 0.64), (99, 0.59), (82, 0.54), (60, 0.5), (122, 0.41), (118, 0.41), (79, 0.41), (25, 0.41), (107, 0.36), (47, 0.36), (124, 0.32), (80, 0.32), (33, 0.32), (27, 0.32), (78, 0.27), (68, 0.27), (67, 0.27), (23, 0.27), (109, 0.23), (100, 0.23), (94, 0.23), (86, 0.23), (120, 0.18), (111, 0.18), (110, 0.18), (41, 0.18), (20, 0.18), (14, 0.18), (66, 0.14), (9, 0.14), (93, 0.09), (51, 0.09), (38, 0.09), (19, 0.09), (13, 0.09), (121, 0.05), (119, 0.05), (105, 0.05), (129, 0.05), (34, 0.05), (28, 0.05), (128, 0.05)]
Community 4: size=1077
Composition: [(3, 83.1), (46, 2.88), (39, 2.88), (96, 1.58), (49, 1.3), (117, 1.11), (90, 1.11), (119, 0.84), (123, 0.56), (108, 0.56), (87, 0.56), (0, 0.56), (74, 0.46), (43, 0.37), (22, 0.28), (65, 0.28), (118, 0.19), (50, 0.19), (25, 0.19), (71, 0.19), (61, 0.09), (53, 0.09), (109, 0.09), (101, 0.09), (98, 0.09), (88, 0.09), (67, 0.09), (80, 0.09), (66, 0.09)]
Community 5: size=1001
Composition: [(1, 48.25), (13, 22.98), (16, 4.7), (36, 2.7), (0, 2.1), (56, 1.9), (54, 1.7), (64, 1.4), (52, 1.2), (102, 1.0), (95, 0.9), (57, 0.9), (69, 0.8), (104, 0.7), (73, 0.7), (72, 0.7), (82, 0.6), (30, 0.6), (18, 0.6), (113, 0.5), (25, 0.5), (17, 0.4), (127, 0.3), (115, 0.3), (98, 0.3), (63, 0.3), (97, 0.2), (62, 0.2), (53, 0.2), (45, 0.2), (44, 0.2), (35, 0.2), (28, 0.2), (126, 0.1), (121, 0.1), (111, 0.1), (110, 0.1), (84, 0.1), (81, 0.1), (71, 0.1), (67, 0.1), (61, 0.1), (41, 0.1), (38, 0.1), (33, 0.1), (31, 0.1), (27, 0.1), (12, 0.1), (9, 0.1)]
Community 7: size=889
Composition: [(5, 31.83), (8, 25.2), (24, 12.04), (9, 9.11), (19, 6.19), (0, 4.84), (53, 1.57), (28, 1.46), (61, 1.35), (29, 1.12), (89, 1.01), (70, 0.79), (106, 0.79), (125, 0.34), (17, 0.34), (120, 0.22), (21, 0.22), (62, 0.11), (58, 0.11), (109, 0.11), (103, 0.11), (37, 0.11), (34, 0.11), (96, 0.11), (30, 0.11), (25, 0.11), (22, 0.11), (18, 0.11), (80, 0.11), (6, 0.11), (65, 0.11)]
Community 1: size=515
Composition: [(0, 75.92), (42, 13.98), (34, 9.71), (21, 0.19), (114, 0.19)]
Community 0: size=508
Composition: [(2, 68.5), (0, 13.58), (63, 1.77), (50, 1.77), (101, 1.77), (97, 1.77), (112, 1.57), (83, 1.38), (32, 0.59), (21, 0.59), (18, 0.59), (76, 0.59), (37, 0.39), (91, 0.39), (22, 0.39), (13, 0.39), (9, 0.39), (8, 0.39), (67, 0.39), (65, 0.39), (58, 0.2), (121, 0.2), (56, 0.2), (54, 0.2), (53, 0.2), (110, 0.2), (109, 0.2), (34, 0.2), (33, 0.2), (95, 0.2), (75, 0.2), (68, 0.2)]
Community 2: size=284
Composition: [(11, 76.41), (0, 22.54), (14, 0.35), (114, 0.35), (17, 0.35)]
Community 8: size=218
Composition: [(14, 93.12), (55, 3.67), (105, 1.38), (0, 1.38), (34, 0.46)]
Community 3: size=151
Composition: [(15, 84.11), (0, 15.23), (10, 0.66)]
Community 12: size=83
Composition: [(0, 100.0)]
Community 10: size=81
Composition: [(20, 83.95), (0, 16.05)]
Community 18: size=49
Composition: [(0, 100.0)]
Community 9: size=49
Composition: [(0, 100.0)]
Community 14: size=41
Composition: [(0, 97.56), (114, 2.44)]
Community 30: size=24
Composition: [(0, 100.0)]
Community 11: size=18
Composition: [(0, 100.0)]
Community 21: size=17
Composition: [(0, 100.0)]
Community 13: size=16
Composition: [(0, 100.0)]
Community 34: size=9
Composition: [(0, 100.0)]
Community 15: size=9
Composition: [(0, 100.0)]
Community 35: size=8
Composition: [(0, 100.0)]
Community 16: size=8
Composition: [(0, 100.0)]
Community 24: size=7
Composition: [(0, 100.0)]
Community 42: size=6
Composition: [(0, 100.0)]
Community 33: size=6
Composition: [(0, 100.0)]
Community 25: size=6
Composition: [(0, 100.0)]
Community 22: size=6
Composition: [(0, 100.0)]
Community 20: size=6
Composition: [(0, 100.0)]
Community 38: size=5
Composition: [(0, 100.0)]
Community 31: size=5
Composition: [(0, 100.0)]
Community 29: size=4
Composition: [(0, 100.0)]
Community 43: size=3
Composition: [(0, 100.0)]
Community 39: size=3
Composition: [(0, 100.0)]
Community 36: size=3
Composition: [(0, 100.0)]
Community 23: size=3
Composition: [(0, 100.0)]
Community 52: size=2
Composition: [(0, 100.0)]
Community 51: size=2
Composition: [(0, 100.0)]
Community 50: size=2
Composition: [(0, 100.0)]
Community 49: size=2
Composition: [(0, 100.0)]
Community 48: size=2
Composition: [(0, 100.0)]
Community 47: size=2
Composition: [(0, 100.0)]
Community 46: size=2
Composition: [(0, 100.0)]
Community 45: size=2
Composition: [(0, 100.0)]
Community 44: size=2
Composition: [(0, 100.0)]
Community 41: size=2
Composition: [(0, 100.0)]
Community 40: size=2
Composition: [(0, 100.0)]
Community 37: size=2
Composition: [(0, 100.0)]
Community 32: size=2
Composition: [(0, 100.0)]
Community 28: size=2
Composition: [(0, 100.0)]
Community 27: size=2
Composition: [(0, 100.0)]
Community 26: size=2
Composition: [(0, 100.0)]
Community 19: size=2
Composition: [(0, 100.0)]
Community 17: size=2
Composition: [(0, 100.0)]
