Community 6: size=2203
Composition: [(63, 33.86), (159, 9.8), (314, 7.04), (331, 5.54), (42, 5.36), (74, 4.86), (66, 3.68), (32, 3.0), (70, 2.68), (50, 2.22), (117, 2.04), (62, 1.41), (158, 1.23), (43, 0.95), (0, 0.77), (115, 0.73), (216, 0.64), (33, 0.64), (253, 0.59), (315, 0.5), (242, 0.41), (306, 0.32), (130, 0.32), (98, 0.32), (36, 0.32), (118, 0.27), (48, 0.27), (193, 0.23), (360, 0.23), (342, 0.23), (109, 0.18), (102, 0.18), (334, 0.18), (75, 0.18), (46, 0.18), (296, 0.18), (290, 0.14), (201, 0.14), (196, 0.14), (373, 0.14), (185, 0.14), (184, 0.14), (304, 0.14), (139, 0.14), (132, 0.14), (340, 0.14), (338, 0.14), (69, 0.14), (68, 0.14), (55, 0.14), (295, 0.14), (333, 0.14), (259, 0.14), (366, 0.09), (404, 0.09), (217, 0.09), (210, 0.09), (206, 0.09), (189, 0.09), (146, 0.09), (133, 0.09), (383, 0.09), (125, 0.09), (121, 0.09), (369, 0.09), (351, 0.09), (347, 0.09), (344, 0.09), (282, 0.09), (280, 0.09), (262, 0.09), (469, 0.05), (467, 0.05), (239, 0.05), (231, 0.05), (484, 0.05), (227, 0.05), (226, 0.05), (480, 0.05), (421, 0.05), (475, 0.05), (377, 0.05), (382, 0.05), (416, 0.05), (209, 0.05), (207, 0.05), (499, 0.05), (458, 0.05), (200, 0.05), (441, 0.05), (439, 0.05), (414, 0.05), (371, 0.05), (433, 0.05), (432, 0.05), (429, 0.05), (423, 0.05), (166, 0.05), (165, 0.05), (420, 0.05), (419, 0.05), (418, 0.05), (417, 0.05), (160, 0.05), (411, 0.05), (324, 0.05), (149, 0.05), (148, 0.05), (147, 0.05), (145, 0.05), (400, 0.05), (365, 0.05), (398, 0.05), (140, 0.05), (138, 0.05), (393, 0.05), (405, 0.05), (391, 0.05), (390, 0.05), (491, 0.05), (385, 0.05), (126, 0.05), (120, 0.05), (116, 0.05), (370, 0.05), (112, 0.05), (367, 0.05), (110, 0.05), (108, 0.05), (362, 0.05), (105, 0.05), (359, 0.05), (357, 0.05), (472, 0.05), (352, 0.05), (350, 0.05), (349, 0.05), (346, 0.05), (345, 0.05), (343, 0.05), (339, 0.05), (335, 0.05), (77, 0.05), (76, 0.05), (329, 0.05), (71, 0.05), (445, 0.05), (56, 0.05), (308, 0.05), (51, 0.05), (49, 0.05), (47, 0.05), (45, 0.05), (44, 0.05), (437, 0.05), (37, 0.05), (35, 0.05), (34, 0.05), (457, 0.05), (29, 0.05), (495, 0.05), (19, 0.05), (18, 0.05), (17, 0.05), (401, 0.05), (271, 0.05), (452, 0.05), (9, 0.05), (8, 0.05), (305, 0.05), (1, 0.05)]
Community 4: size=1077
Composition: [(57, 82.27), (80, 2.41), (26, 2.32), (38, 1.11), (177, 0.93), (162, 0.84), (142, 0.84), (63, 0.56), (270, 0.37), (58, 0.37), (299, 0.37), (40, 0.37), (114, 0.28), (241, 0.28), (293, 0.28), (161, 0.28), (260, 0.28), (341, 0.19), (119, 0.19), (246, 0.19), (240, 0.19), (88, 0.19), (215, 0.19), (141, 0.19), (426, 0.09), (372, 0.09), (243, 0.09), (232, 0.09), (438, 0.09), (99, 0.09), (225, 0.09), (224, 0.09), (223, 0.09), (94, 0.09), (219, 0.09), (474, 0.09), (89, 0.09), (468, 0.09), (453, 0.09), (81, 0.09), (461, 0.09), (310, 0.09), (424, 0.09), (192, 0.09), (191, 0.09), (440, 0.09), (183, 0.09), (182, 0.09), (496, 0.09), (436, 0.09), (178, 0.09), (176, 0.09), (285, 0.09), (174, 0.09), (172, 0.09), (298, 0.09), (41, 0.09), (39, 0.09), (415, 0.09), (157, 0.09), (412, 0.09), (27, 0.09), (388, 0.09), (408, 0.09), (402, 0.09), (303, 0.09), (320, 0.09), (396, 0.09), (266, 0.09), (264, 0.09), (392, 0.09), (257, 0.09), (256, 0.09)]
Community 5: size=1001
Composition: [(16, 47.05), (30, 22.78), (4, 3.7), (12, 2.3), (63, 2.1), (103, 1.3), (21, 1.3), (245, 1.2), (100, 0.8), (186, 0.7), (154, 0.6), (144, 0.4), (101, 0.4), (336, 0.4), (321, 0.4), (275, 0.4), (254, 0.3), (250, 0.3), (197, 0.3), (179, 0.3), (152, 0.3), (272, 0.3), (59, 0.3), (274, 0.3), (15, 0.3), (281, 0.2), (234, 0.2), (252, 0.2), (230, 0.2), (221, 0.2), (212, 0.2), (465, 0.2), (181, 0.2), (278, 0.2), (277, 0.2), (104, 0.2), (330, 0.2), (311, 0.2), (23, 0.2), (265, 0.2), (258, 0.2), (255, 0.1), (251, 0.1), (247, 0.1), (244, 0.1), (498, 0.1), (238, 0.1), (237, 0.1), (492, 0.1), (488, 0.1), (487, 0.1), (464, 0.1), (479, 0.1), (478, 0.1), (220, 0.1), (473, 0.1), (471, 0.1), (213, 0.1), (466, 0.1), (450, 0.1), (463, 0.1), (462, 0.1), (203, 0.1), (202, 0.1), (456, 0.1), (198, 0.1), (407, 0.1), (459, 0.1), (194, 0.1), (448, 0.1), (444, 0.1), (287, 0.1), (175, 0.1), (173, 0.1), (428, 0.1), (427, 0.1), (167, 0.1), (422, 0.1), (261, 0.1), (163, 0.1), (155, 0.1), (153, 0.1), (151, 0.1), (150, 0.1), (143, 0.1), (397, 0.1), (279, 0.1), (394, 0.1), (135, 0.1), (134, 0.1), (131, 0.1), (386, 0.1), (378, 0.1), (376, 0.1), (375, 0.1), (113, 0.1), (111, 0.1), (364, 0.1), (107, 0.1), (106, 0.1), (358, 0.1), (187, 0.1), (395, 0.1), (355, 0.1), (332, 0.1), (327, 0.1), (325, 0.1), (323, 0.1), (313, 0.1), (302, 0.1), (301, 0.1), (353, 0.1), (294, 0.1), (291, 0.1), (288, 0.1), (31, 0.1), (284, 0.1), (283, 0.1), (25, 0.1), (24, 0.1), (22, 0.1), (276, 0.1), (13, 0.1), (5, 0.1)]
Community 7: size=889
Composition: [(3, 31.27), (60, 24.3), (90, 12.04), (28, 8.89), (164, 5.74), (63, 4.84), (233, 1.35), (82, 1.01), (10, 0.9), (78, 0.79), (228, 0.67), (2, 0.67), (208, 0.45), (204, 0.34), (170, 0.34), (86, 0.34), (379, 0.22), (67, 0.22), (14, 0.22), (127, 0.11), (381, 0.11), (380, 0.11), (122, 0.11), (248, 0.11), (489, 0.11), (374, 0.11), (211, 0.11), (494, 0.11), (363, 0.11), (263, 0.11), (485, 0.11), (97, 0.11), (96, 0.11), (95, 0.11), (93, 0.11), (92, 0.11), (91, 0.11), (218, 0.11), (348, 0.11), (87, 0.11), (214, 0.11), (85, 0.11), (84, 0.11), (83, 0.11), (79, 0.11), (205, 0.11), (460, 0.11), (455, 0.11), (446, 0.11), (61, 0.11), (443, 0.11), (442, 0.11), (52, 0.11), (307, 0.11), (434, 0.11), (431, 0.11), (171, 0.11), (156, 0.11), (410, 0.11), (409, 0.11), (406, 0.11), (399, 0.11), (269, 0.11), (268, 0.11), (11, 0.11), (7, 0.11), (6, 0.11)]
Community 1: size=515
Composition: [(63, 99.81), (158, 0.19)]
Community 0: size=508
Composition: [(319, 67.72), (63, 13.58), (235, 1.57), (318, 1.57), (72, 1.57), (136, 0.98), (361, 0.79), (292, 0.79), (297, 0.59), (337, 0.59), (190, 0.39), (354, 0.39), (328, 0.39), (322, 0.39), (312, 0.39), (180, 0.39), (267, 0.39), (124, 0.2), (497, 0.2), (368, 0.2), (451, 0.2), (493, 0.2), (236, 0.2), (490, 0.2), (316, 0.2), (486, 0.2), (356, 0.2), (123, 0.2), (481, 0.2), (222, 0.2), (476, 0.2), (470, 0.2), (483, 0.2), (482, 0.2), (73, 0.2), (326, 0.2), (195, 0.2), (449, 0.2), (447, 0.2), (317, 0.2), (188, 0.2), (309, 0.2), (435, 0.2), (477, 0.2), (169, 0.2), (168, 0.2), (454, 0.2), (289, 0.2), (286, 0.2), (413, 0.2), (403, 0.2), (273, 0.2), (389, 0.2), (387, 0.2), (384, 0.2)]
Community 2: size=284
Composition: [(53, 76.06), (63, 22.89), (54, 0.35), (229, 0.35), (249, 0.35)]
Community 8: size=218
Composition: [(64, 92.2), (128, 3.21), (63, 1.38), (300, 1.38), (430, 0.46), (199, 0.46), (129, 0.46), (65, 0.46)]
Community 3: size=151
Composition: [(137, 84.11), (63, 15.23), (425, 0.66)]
Community 12: size=83
Composition: [(63, 100.0)]
Community 10: size=81
Composition: [(19, 82.72), (63, 16.05), (20, 1.23)]
Community 18: size=49
Composition: [(63, 100.0)]
Community 9: size=49
Composition: [(63, 100.0)]
Community 14: size=41
Composition: [(63, 100.0)]
Community 30: size=24
Composition: [(63, 100.0)]
Community 11: size=18
Composition: [(63, 100.0)]
Community 21: size=17
Composition: [(63, 100.0)]
Community 13: size=16
Composition: [(63, 100.0)]
Community 34: size=9
Composition: [(63, 100.0)]
Community 15: size=9
Composition: [(63, 100.0)]
Community 35: size=8
Composition: [(63, 100.0)]
Community 16: size=8
Composition: [(63, 100.0)]
Community 24: size=7
Composition: [(63, 100.0)]
Community 42: size=6
Composition: [(63, 100.0)]
Community 33: size=6
Composition: [(63, 100.0)]
Community 25: size=6
Composition: [(63, 100.0)]
Community 22: size=6
Composition: [(63, 100.0)]
Community 20: size=6
Composition: [(63, 100.0)]
Community 38: size=5
Composition: [(63, 100.0)]
Community 31: size=5
Composition: [(63, 100.0)]
Community 29: size=4
Composition: [(63, 100.0)]
Community 43: size=3
Composition: [(63, 100.0)]
Community 39: size=3
Composition: [(63, 100.0)]
Community 36: size=3
Composition: [(63, 100.0)]
Community 23: size=3
Composition: [(63, 100.0)]
Community 52: size=2
Composition: [(63, 100.0)]
Community 51: size=2
Composition: [(63, 100.0)]
Community 50: size=2
Composition: [(63, 100.0)]
Community 49: size=2
Composition: [(63, 100.0)]
Community 48: size=2
Composition: [(63, 100.0)]
Community 47: size=2
Composition: [(63, 100.0)]
Community 46: size=2
Composition: [(63, 100.0)]
Community 45: size=2
Composition: [(63, 100.0)]
Community 44: size=2
Composition: [(63, 100.0)]
Community 41: size=2
Composition: [(63, 100.0)]
Community 40: size=2
Composition: [(63, 100.0)]
Community 37: size=2
Composition: [(63, 100.0)]
Community 32: size=2
Composition: [(63, 100.0)]
Community 28: size=2
Composition: [(63, 100.0)]
Community 27: size=2
Composition: [(63, 100.0)]
Community 26: size=2
Composition: [(63, 100.0)]
Community 19: size=2
Composition: [(63, 100.0)]
Community 17: size=2
Composition: [(63, 100.0)]
