Community 6: size=2203
Composition: [(3, 23.42), (9, 9.35), (95, 6.63), (19, 5.63), (12, 5.17), (14, 4.54), (25, 3.77), (21, 2.91), (20, 2.91), (82, 2.54), (17, 2.41), (32, 2.18), (27, 2.13), (40, 1.91), (50, 1.82), (23, 1.5), (29, 1.36), (35, 1.18), (36, 1.04), (79, 0.95), (6, 0.95), (54, 0.91), (41, 0.82), (42, 0.77), (87, 0.73), (38, 0.73), (98, 0.68), (65, 0.68), (24, 0.68), (53, 0.64), (122, 0.59), (70, 0.5), (30, 0.5), (97, 0.41), (86, 0.41), (84, 0.41), (52, 0.36), (105, 0.32), (60, 0.32), (49, 0.32), (34, 0.32), (33, 0.32), (125, 0.27), (100, 0.27), (63, 0.27), (128, 0.27), (127, 0.23), (124, 0.23), (110, 0.23), (103, 0.23), (66, 0.23), (120, 0.18), (69, 0.18), (11, 0.18), (129, 0.18), (108, 0.14), (83, 0.14), (80, 0.14), (31, 0.14), (18, 0.14), (15, 0.14), (89, 0.09), (73, 0.09), (72, 0.09), (43, 0.09), (114, 0.05), (91, 0.05), (57, 0.05), (45, 0.05)]
Community 4: size=1077
Composition: [(2, 83.19), (46, 3.06), (44, 3.06), (48, 1.39), (47, 1.39), (94, 1.3), (85, 0.93), (119, 0.65), (96, 0.65), (109, 0.56), (3, 0.56), (21, 0.46), (123, 0.37), (23, 0.37), (116, 0.28), (45, 0.28), (64, 0.19), (51, 0.09), (113, 0.09), (104, 0.09), (99, 0.09), (98, 0.09), (88, 0.09), (67, 0.09), (79, 0.09), (14, 0.09), (128, 0.09), (108, 0.09), (129, 0.09), (69, 0.09), (19, 0.09)]
Community 5: size=1001
Composition: [(4, 48.85), (0, 23.28), (39, 4.9), (56, 2.5), (3, 2.1), (26, 1.9), (22, 1.9), (55, 1.7), (37, 1.6), (1, 1.3), (92, 0.9), (71, 0.9), (78, 0.8), (106, 0.7), (90, 0.7), (76, 0.7), (102, 0.6), (62, 0.5), (83, 0.5), (126, 0.4), (12, 0.4), (93, 0.3), (42, 0.3), (118, 0.3), (121, 0.2), (54, 0.2), (112, 0.2), (111, 0.2), (17, 0.2), (60, 0.1), (58, 0.1), (45, 0.1), (124, 0.1), (129, 0.1), (87, 0.1), (21, 0.1), (11, 0.1), (128, 0.1), (81, 0.1)]
Community 7: size=889
Composition: [(5, 31.5), (8, 24.75), (16, 12.04), (18, 9.11), (43, 6.19), (3, 4.84), (67, 1.57), (91, 1.46), (51, 1.35), (59, 1.01), (68, 1.01), (117, 0.67), (101, 0.67), (121, 0.56), (78, 0.45), (29, 0.34), (12, 0.34), (34, 0.22), (70, 0.22), (65, 0.22), (84, 0.11), (93, 0.11), (45, 0.11), (108, 0.11), (37, 0.11), (100, 0.11), (32, 0.11), (25, 0.11), (20, 0.11), (115, 0.11), (74, 0.11), (9, 0.11), (129, 0.11)]
Community 1: size=515
Composition: [(3, 75.92), (28, 13.98), (74, 9.71), (29, 0.19), (98, 0.19)]
Community 0: size=508
Composition: [(10, 68.9), (3, 13.58), (116, 2.36), (77, 2.36), (88, 1.97), (113, 1.57), (75, 1.57), (29, 0.59), (20, 0.59), (63, 0.39), (61, 0.39), (54, 0.39), (128, 0.39), (32, 0.39), (22, 0.39), (18, 0.39), (9, 0.39), (8, 0.39), (0, 0.39), (120, 0.2), (74, 0.2), (107, 0.2), (64, 0.2), (34, 0.2), (31, 0.2), (26, 0.2), (89, 0.2), (79, 0.2), (76, 0.2), (118, 0.2), (66, 0.2), (65, 0.2)]
Community 2: size=284
Composition: [(7, 76.41), (3, 22.54), (12, 0.35), (98, 0.35), (11, 0.35)]
Community 8: size=218
Composition: [(11, 93.12), (58, 3.67), (12, 1.38), (3, 1.38), (74, 0.46)]
Community 3: size=151
Composition: [(13, 84.11), (3, 15.23), (19, 0.66)]
Community 12: size=83
Composition: [(3, 100.0)]
Community 10: size=81
Composition: [(15, 83.95), (3, 16.05)]
Community 18: size=49
Composition: [(3, 100.0)]
Community 9: size=49
Composition: [(3, 100.0)]
Community 14: size=41
Composition: [(3, 97.56), (98, 2.44)]
Community 30: size=24
Composition: [(3, 100.0)]
Community 11: size=18
Composition: [(3, 100.0)]
Community 21: size=17
Composition: [(3, 100.0)]
Community 13: size=16
Composition: [(3, 100.0)]
Community 34: size=9
Composition: [(3, 100.0)]
Community 15: size=9
Composition: [(3, 100.0)]
Community 35: size=8
Composition: [(3, 100.0)]
Community 16: size=8
Composition: [(3, 100.0)]
Community 24: size=7
Composition: [(3, 100.0)]
Community 42: size=6
Composition: [(3, 100.0)]
Community 33: size=6
Composition: [(3, 100.0)]
Community 25: size=6
Composition: [(3, 100.0)]
Community 22: size=6
Composition: [(3, 100.0)]
Community 20: size=6
Composition: [(3, 100.0)]
Community 38: size=5
Composition: [(3, 100.0)]
Community 31: size=5
Composition: [(3, 100.0)]
Community 29: size=4
Composition: [(3, 100.0)]
Community 43: size=3
Composition: [(3, 100.0)]
Community 39: size=3
Composition: [(3, 100.0)]
Community 36: size=3
Composition: [(3, 100.0)]
Community 23: size=3
Composition: [(3, 100.0)]
Community 52: size=2
Composition: [(3, 100.0)]
Community 51: size=2
Composition: [(3, 100.0)]
Community 50: size=2
Composition: [(3, 100.0)]
Community 49: size=2
Composition: [(3, 100.0)]
Community 48: size=2
Composition: [(3, 100.0)]
Community 47: size=2
Composition: [(3, 100.0)]
Community 46: size=2
Composition: [(3, 100.0)]
Community 45: size=2
Composition: [(3, 100.0)]
Community 44: size=2
Composition: [(3, 100.0)]
Community 41: size=2
Composition: [(3, 100.0)]
Community 40: size=2
Composition: [(3, 100.0)]
Community 37: size=2
Composition: [(3, 100.0)]
Community 32: size=2
Composition: [(3, 100.0)]
Community 28: size=2
Composition: [(3, 100.0)]
Community 27: size=2
Composition: [(3, 100.0)]
Community 26: size=2
Composition: [(3, 100.0)]
Community 19: size=2
Composition: [(3, 100.0)]
Community 17: size=2
Composition: [(3, 100.0)]
