Community 0: size=1883
Composition: [(0, 20.34), (7, 8.13), (10, 6.69), (17, 5.79), (4, 5.26), (6, 4.41), (20, 3.82), (18, 3.56), (12, 3.51), (48, 2.97), (35, 2.71), (37, 2.55), (40, 2.5), (26, 2.5), (85, 2.23), (21, 1.7), (92, 1.27), (116, 1.22), (88, 1.12), (77, 1.01), (45, 1.01), (59, 0.9), (114, 0.85), (58, 0.85), (75, 0.8), (71, 0.74), (44, 0.74), (99, 0.69), (82, 0.64), (60, 0.58), (122, 0.48), (118, 0.48), (79, 0.48), (25, 0.48), (107, 0.42), (47, 0.42), (124, 0.37), (80, 0.37), (33, 0.37), (27, 0.37), (109, 0.32), (78, 0.32), (67, 0.32), (23, 0.32), (120, 0.27), (100, 0.27), (86, 0.27), (111, 0.21), (110, 0.21), (41, 0.21), (68, 0.16), (66, 0.16), (43, 0.16), (9, 0.16), (125, 0.11), (93, 0.11), (51, 0.11), (38, 0.11), (31, 0.11), (19, 0.11), (13, 0.11), (121, 0.05), (119, 0.05), (103, 0.05), (76, 0.05), (129, 0.05), (62, 0.05), (34, 0.05), (29, 0.05), (14, 0.05), (8, 0.05), (128, 0.05)]
Community 3: size=1077
Composition: [(3, 83.1), (46, 2.88), (39, 2.88), (96, 1.58), (49, 1.3), (117, 1.11), (90, 1.11), (119, 0.84), (123, 0.56), (108, 0.56), (87, 0.56), (0, 0.56), (74, 0.46), (43, 0.37), (22, 0.28), (65, 0.28), (118, 0.19), (50, 0.19), (25, 0.19), (71, 0.19), (61, 0.09), (53, 0.09), (109, 0.09), (101, 0.09), (98, 0.09), (88, 0.09), (67, 0.09), (80, 0.09), (66, 0.09)]
Community 4: size=983
Composition: [(1, 49.14), (22, 20.55), (16, 4.78), (36, 2.75), (0, 2.24), (56, 1.93), (31, 1.73), (54, 1.63), (64, 1.42), (52, 1.22), (102, 1.02), (95, 0.92), (57, 0.92), (69, 0.81), (104, 0.71), (73, 0.71), (72, 0.71), (18, 0.71), (82, 0.61), (30, 0.61), (113, 0.51), (25, 0.51), (127, 0.31), (98, 0.31), (63, 0.31), (17, 0.31), (97, 0.2), (53, 0.2), (45, 0.2), (44, 0.2), (35, 0.2), (28, 0.2), (126, 0.1), (121, 0.1), (111, 0.1), (110, 0.1), (81, 0.1), (71, 0.1), (67, 0.1), (61, 0.1), (41, 0.1), (38, 0.1), (33, 0.1), (27, 0.1), (12, 0.1), (9, 0.1)]
Community 1: size=780
Composition: [(5, 36.28), (8, 28.59), (9, 10.38), (0, 7.18), (19, 6.92), (53, 1.79), (28, 1.79), (61, 1.54), (29, 1.15), (106, 0.9), (70, 0.9), (17, 0.38), (62, 0.26), (21, 0.26), (120, 0.13), (125, 0.13), (34, 0.13), (96, 0.13), (37, 0.13), (30, 0.13), (25, 0.13), (22, 0.13), (84, 0.13), (18, 0.13), (80, 0.13), (6, 0.13), (65, 0.13)]
Community 8: size=567
Composition: [(2, 61.38), (0, 17.28), (43, 5.29), (63, 1.59), (50, 1.59), (101, 1.59), (97, 1.59), (112, 1.41), (83, 1.23), (32, 0.53), (21, 0.53), (18, 0.53), (54, 0.35), (37, 0.35), (91, 0.35), (22, 0.35), (13, 0.35), (76, 0.35), (9, 0.35), (8, 0.35), (67, 0.35), (65, 0.35), (58, 0.18), (121, 0.18), (56, 0.18), (53, 0.18), (110, 0.18), (109, 0.18), (34, 0.18), (33, 0.18), (95, 0.18), (75, 0.18), (68, 0.18)]
Community 10: size=516
Composition: [(0, 76.16), (42, 13.95), (34, 9.69), (21, 0.19)]
Community 5: size=285
Composition: [(13, 80.7), (0, 16.49), (17, 1.4), (115, 1.05), (114, 0.35)]
Community 14: size=247
Composition: [(11, 87.85), (0, 10.93), (21, 0.4), (114, 0.4), (17, 0.4)]
Community 6: size=246
Composition: [(14, 84.15), (0, 6.91), (55, 3.25), (94, 2.03), (105, 1.63), (68, 1.22), (31, 0.41), (34, 0.41)]
Community 9: size=143
Composition: [(15, 88.81), (0, 11.19)]
Community 16: size=139
Composition: [(24, 76.98), (0, 15.83), (89, 6.47), (19, 0.72)]
Community 11: size=83
Composition: [(0, 100.0)]
Community 7: size=77
Composition: [(0, 100.0)]
Community 2: size=66
Composition: [(0, 100.0)]
Community 15: size=49
Composition: [(0, 100.0)]
Community 18: size=24
Composition: [(0, 100.0)]
Community 12: size=18
Composition: [(0, 100.0)]
Community 21: size=17
Composition: [(0, 100.0)]
Community 23: size=16
Composition: [(0, 100.0)]
Community 17: size=13
Composition: [(0, 100.0)]
Community 35: size=9
Composition: [(0, 100.0)]
Community 30: size=9
Composition: [(0, 100.0)]
Community 40: size=8
Composition: [(0, 100.0)]
Community 13: size=8
Composition: [(0, 100.0)]
Community 39: size=7
Composition: [(0, 100.0)]
Community 37: size=6
Composition: [(0, 100.0)]
Community 32: size=6
Composition: [(0, 100.0)]
Community 28: size=6
Composition: [(0, 100.0)]
Community 25: size=6
Composition: [(0, 100.0)]
Community 20: size=6
Composition: [(0, 100.0)]
Community 24: size=5
Composition: [(0, 100.0)]
Community 51: size=4
Composition: [(0, 100.0)]
Community 46: size=3
Composition: [(0, 100.0)]
Community 41: size=3
Composition: [(0, 100.0)]
Community 38: size=3
Composition: [(0, 100.0)]
Community 29: size=3
Composition: [(0, 100.0)]
Community 53: size=2
Composition: [(0, 100.0)]
Community 52: size=2
Composition: [(0, 100.0)]
Community 50: size=2
Composition: [(0, 100.0)]
Community 49: size=2
Composition: [(0, 100.0)]
Community 48: size=2
Composition: [(0, 100.0)]
Community 47: size=2
Composition: [(0, 100.0)]
Community 45: size=2
Composition: [(0, 100.0)]
Community 44: size=2
Composition: [(0, 100.0)]
Community 43: size=2
Composition: [(0, 100.0)]
Community 42: size=2
Composition: [(0, 100.0)]
Community 36: size=2
Composition: [(0, 100.0)]
Community 34: size=2
Composition: [(0, 100.0)]
Community 33: size=2
Composition: [(0, 100.0)]
Community 31: size=2
Composition: [(0, 100.0)]
Community 27: size=2
Composition: [(0, 100.0)]
Community 26: size=2
Composition: [(0, 100.0)]
Community 22: size=2
Composition: [(0, 100.0)]
Community 19: size=2
Composition: [(0, 100.0)]
